
1581396718325 1581396718325 1581396718325 1581396718325
1581396778330 1581396778331 1581396778330 1581396778331
1581396838332 1581396838332 1581396838332 1581396838332
1581396898333 1581396898334 1581396898334 1581396898334
1581396958335 1581396958337 1581396958336 1581396958336
1581397018338 1581397018338 1581397018338 1581397018338
1581397078339 1581397078340 1581397078339 1581397078340
1581397138341 1581397138342 1581397138341 1581397138342
1581397198343 1581397198344 1581397198343 1581397198343
1581397258345 1581397258346 1581397258345 1581397258345
1581397318347 1581397318348 1581397318347 1581397318348
1581397378349 1581397378350 1581397378349 1581397378349
1581397438351 1581397438352 1581397438351 1581397438351
1581397498352 1581397498353 1581397498352 1581397498353
1581397558354 1581397558354 1581397558354 1581397558354
1581397618355 1581397618356 1581397618355 1581397618356
1581397678357 1581397678357 1581397678357 1581397678357
1581397738358 1581397738359 1581397738359 1581397738359
1581397798360 1581397798361 1581397798361 1581397798361
1581397858362 1581397858363 1581397858362 1581397858363
1581397918364 1581397918365 1581397918364 1581397918365
1581397978366 1581397978367 1581397978366 1581397978366
1581398038368 1581398038368 1581398038368 1581398038368
1581398098369 1581398098370 1581398098370 1581398098370
1581398158372 1581398158372 1581398158372 1581398158372
1581398218373 1581398218374 1581398218374 1581398218374
1581398278375 1581398278376 1581398278376 1581398278376
1581398338377 1581398338377 1581398338377 1581398338377
1581398398378 1581398398379 1581398398379 1581398398379
1581398458381 1581398458382 1581398458382 1581398458382
1581398518383 1581398518383 1581398518383 1581398518383
1581398578384 1581398578385 1581398578384 1581398578385
1581398638386 1581398638387 1581398638386 1581398638387
1581398698388 1581398698388 1581398698388 1581398698388
1581398758389 1581398758390 1581398758389 1581398758390
1581398818391 1581398818392 1581398818391 1581398818392
1581398878393 1581398878394 1581398878393 1581398878393
1581398938394 1581398938395 1581398938395 1581398938395
1581398998396 1581398998397 1581398998396 1581398998397
1581399058398 1581399058398 1581399058398 1581399058398
1581399118400 1581399118400 1581399118400 1581399118400
1581399178401 1581399178402 1581399178401 1581399178402
1581399238403 1581399238403 1581399238403 1581399238403
1581399298404 1581399298405 1581399298405 1581399298405
1581399358406 1581399358407 1581399358406 1581399358407
1581399418407 1581399418408 1581399418408 1581399418408
1581399478410 1581399478410 1581399478410 1581399478410
1581399538411 1581399538412 1581399538412 1581399538412
1581399598413 1581399598414 1581399598413 1581399598414
1581399658415 1581399658416 1581399658415 1581399658415
1581399718416 1581399718417 1581399718416 1581399718417
1581399778418 1581399778419 1581399778418 1581399778419
1581399838420 1581399838420 1581399838420 1581399838420
1581399898421 1581399898422 1581399898422 1581399898422
1581399958423 1581399958424 1581399958423 1581399958423
1581400018424 1581400018425 1581400018425 1581400018425
1581400078426 1581400078427 1581400078426 1581400078426
1581400138427 1581400138428 1581400138428 1581400138428
1581400198429 1581400198430 1581400198430 1581400198430
1581400258431 1581400258431 1581400258431 1581400258431
1581400318432 1581400318433 1581400318433 1581400318433
1581400378434 1581400378435 1581400378434 1581400378435
1581400438436 1581400438437 1581400438436 1581400438436
1581400498438 1581400498438 1581400498438 1581400498438
1581400558440 1581400558440 1581400558440 1581400558440
1581400618441 1581400618442 1581400618441 1581400618442
1581400678443 1581400678443 1581400678443 1581400678443
1581400738444 1581400738445 1581400738444 1581400738444
1581400798445 1581400798446 1581400798446 1581400798446
1581400858448 1581400858448 1581400858448 1581400858448
1581400918450 1581400918450 1581400918450 1581400918450
1581400978451 1581400978452 1581400978451 1581400978452
1581401038453 1581401038454 1581401038453 1581401038453
1581401098454 1581401098455 1581401098455 1581401098455
1581401158456 1581401158457 1581401158456 1581401158457
1581401218457 1581401218458 1581401218458 1581401218458
1581401278459 1581401278460 1581401278459 1581401278459
1581401338460 1581401338461 1581401338461 1581401338461
1581401398462 1581401398463 1581401398463 1581401398463
1581401458464 1581401458465 1581401458464 1581401458464
1581401518465 1581401518466 1581401518465 1581401518466
1581401578467 1581401578468 1581401578467 1581401578467
1581401638468 1581401638469 1581401638469 1581401638469
1581401698470 1581401698471 1581401698470 1581401698470
1581401758471 1581401758472 1581401758472 1581401758472
1581401818473 1581401818474 1581401818474 1581401818474
1581401878475 1581401878476 1581401878475 1581401878475
1581401938477 1581401938477 1581401938477 1581401938477
1581401998478 1581401998478 1581401998478 1581401998478
1581402058479 1581402058480 1581402058480 1581402058480
1581402118481 1581402118482 1581402118481 1581402118482
1581402178483 1581402178483 1581402178483 1581402178483
1581402238484 1581402238485 1581402238484 1581402238485
1581402298486 1581402298487 1581402298486 1581402298487
1581402358488 1581402358488 1581402358488 1581402358488
1581402418489 1581402418490 1581402418489 1581402418489
1581402478490 1581402478491 1581402478491 1581402478491
1581402538492 1581402538493 1581402538492 1581402538493
1581402598493 1581402598494 1581402598493 1581402598494
1581402658495 1581402658496 1581402658495 1581402658495
1581402718496 1581402718497 1581402718496 1581402718497
1581402778498 1581402778499 1581402778498 1581402778498
1581402838499 1581402838500 1581402838499 1581402838500
1581402898501 1581402898501 1581402898501 1581402898501
1581402958502 1581402958503 1581402958503 1581402958503
1581403018504 1581403018505 1581403018504 1581403018504
1581403078506 1581403078506 1581403078506 1581403078506
1581403138507 1581403138508 1581403138507 1581403138508
1581403198508 1581403198509 1581403198509 1581403198509
1581403258510 1581403258511 1581403258510 1581403258511
1581403318512 1581403318513 1581403318512 1581403318513
1581403378513 1581403378514 1581403378514 1581403378514
1581403438515 1581403438515 1581403438515 1581403438515
1581403498516 1581403498517 1581403498516 1581403498517
1581403558518 1581403558519 1581403558518 1581403558518
1581403618519 1581403618520 1581403618519 1581403618520
1581403678521 1581403678521 1581403678521 1581403678521
1581403738522 1581403738523 1581403738522 1581403738522
1581403798523 1581403798524 1581403798524 1581403798524
1581403858525 1581403858525 1581403858525 1581403858525